9 6
9 7
9 8
9 9
9 19
5 34
22 2
23 15
30 23
19 26
22 32
33 35
35 20
e
0 0
2 0
4 0
6 0
8 0
10 0
1 1
3 1
5 1
7 1
9 1
11 1
0 2
0 4
0 6
0 8
0 10
0 12
0 14
0 16
0 18
0 20
0 22
0 24
0 26
0 28
1 29
1 27
1 25
1 23
1 21
1 19
1 17
1 15
1 13
1 11
1 9
1 7
1 5
1 3
0 32
0 34
0 36
0 38
0 40
1 33
1 35
1 37
1 39
2 34
2 36
2 38
2 40
3 39
3 37
3 35
17 0
19 0
21 0
23 0
25 0
27 0
29 0
31 0
33 0
37 0
39 0
16 1
18 1
17 2
26 1
28 1
30 1
32 1
27 2
29 2
31 2
28 3
30 3
29 4
31 4
30 5
39 2
39 4
39 6
39 8
39 10
39 12
39 14
39 16
39 18
39 20
39 22
39 24
39 26
39 28
39 30
39 32
39 34
39 36
39 38
38 39
38 1
38 3
38 5
38 7
38 9
38 11
38 13 
38 15
29 38
31 38
33 38
35 38
37 38
29 12
26 30
17 21
e
e
34 27







