2 0
3 5
7 4
9 12
15 8
17 4
20 3
23 4
23 13
28 12
35 6
19 9
16 14
e
0 0
0 1
0 2
0 3
0 4
0 5
0 6
0 7
0 8
0 9
0 10
0 11
0 12
7 0
9 0
11 0
13 0
15 0
17 0
19 0
21 0
23 0
25 0
27 0
29 0
31 0
33 0
35 0
37 0
39 0
18 1
20 1
22 1
24 1
26 1
28 1
30 1
32 1
34 1
36 1
37 2
39 2
39 4
39 6
39 8
39 10
39 12
39 14
39 16
38 1
38 3
38 5
38 7
38 9
38 11
38 13
38 15
38 17
1 7
1 8
0 18
2 18
4 18
6 18
8 18
10 18
12 18
14 18
16 18
18 18
20 18
22 18
24 18
26 18
28 18
30 18
32 18
34 18
36 18
38 18
1 19
3 19
5 19
7 19
9 19
11 19
13 19
15 19 
17 19
19 19
21 19
23 19
25 19
27 19
29 19
31 19
33 19
35 19
37 19
39 19
e
6 2
13 5
15 5
3 13
7 13
e
25 3
25 11
29 3
33 3
29 11
33 11
e
e
4 2
14 5
5 13
