20 20
0 0
11 11 11 11 11 11 11 11 11 11 11 11 11 11 11 11 11 11 11 11
11 0 11 0 11 0 11 1 2 3 0 6 0 11 12 13 14 15 0 11
11 0 11 0 0 0 11 0 4 5 0 0 0 0 0 0 0 0 0 11
11 0 0 0 11 0 11 0 0 0 0 0 0 0 0 0 0 0 0 11
11 11 11 11 0 0 11 0 0 0 0 0 0 0 0 0 0 0 0 11
11 0 0 0 0 0 11 0 0 0 0 0 0 0 0 0 0 0 0 11
11 11 0 11 11 11 0 0 0 0 0 0 0 0 0 0 0 0 0 11
11 0 0 0 0 0 0 0 0 0 0 0 0 0 0 0 0 0 0 11
11 0 0 0 0 0 0 0 0 0 0 0 0 0 0 0 0 0 0 11
11 0 0 0 0 0 0 0 0 0 0 0 0 0 0 0 0 0 0 11
11 0 0 0 0 0 0 0 0 0 0 0 0 0 0 0 0 0 0 11
11 0 0 0 0 0 0 0 0 0 0 0 0 0 0 0 0 0 0 11
11 0 0 0 0 0 0 0 0 0 0 0 0 0 0 0 0 0 0 11
11 0 0 0 0 0 0 0 0 0 0 0 0 0 0 0 0 0 0 11
11 0 0 0 0 0 0 0 0 0 0 0 0 0 0 0 0 0 0 11
11 0 0 0 0 0 0 0 0 0 0 0 0 0 0 0 0 0 0 11
11 0 0 0 0 0 0 0 0 0 0 0 0 0 0 0 0 0 0 11
11 0 0 0 0 0 0 0 0 0 0 0 0 0 0 0 0 0 0 11
11 0 0 0 0 0 0 0 0 0 0 0 0 0 0 0 0 0 0 11
11 11 11 11 11 11 11 11 11 11 11 11 11 11 11 11 11 11 11 11