0
40 40
19 0
111 111 111 111 111 111 111 111 111 111 111 111 111 111 111 111 111 111 79 110 80 111 111 111 111 111 111 111 111 111 111 111 111 111 111 111 111 111 111 111
112 74 74 74 74 74 74 74 74 74 74 74 74 74 74 74 74 74 79 110 80 74 74 74 74 74 74 74 74 74 74 74 74 74 74 74 74 74 74 113
112 76 76 76 76 76 76 36 36 36 36 36 36 36 36 76 76 76 79 110 80 76 76 76 76 76 76 76 76 76 76 76 76 76 76 76 76 76 76 113
112 0 0 0 0 0 0 37 37 37 37 37 37 37 37 0 0 0 79 110 80 0 0 0 0 0 0 0 0 0 0 0 0 0 0 0 0 0 0 113
112 0 0 0 0 0 0 32 32 32 32 32 32 32 32 0 0 0 79 110 80 0 0 0 0 0 0 0 0 0 0 0 0 0 0 0 0 0 0 113
112 0 0 0 0 0 0 33 33 33 33 33 33 33 33 0 0 0 79 110 80 0 0 0 0 0 0 0 0 0 0 0 0 0 0 0 0 0 0 113
112 0 0 0 0 0 12 81 81 81 81 81 81 81 81 81 81 81 110 110 80 0 0 0 0 0 0 0 0 0 0 0 0 0 0 0 0 0 0 113
112 0 0 0 0 0 14 82 82 82 82 82 82 82 82 82 82 82 110 110 80 0 0 0 0 0 0 0 0 0 0 0 0 0 0 0 0 0 0 113
112 0 0 0 0 0 0 0 36 36 36 36 36 36 36 36 36 0 79 110 80 0 36 36 36 36 36 36 36 36 36 36 0 0 0 0 0 0 0 113
112 0 0 0 0 0 0 0 37 37 37 37 37 37 37 37 37 0 79 110 80 0 37 37 37 37 37 37 37 37 37 37 0 0 0 0 0 0 0 113
112 0 0 0 0 0 0 0 32 32 32 32 32 32 32 32 32 0 79 110 80 0 32 32 32 32 32 32 32 32 32 32 0 0 0 0 0 0 0 113
112 0 0 0 0 0 0 0 33 33 33 33 33 33 33 33 33 0 79 110 80 0 33 33 33 33 33 33 33 33 33 33 0 0 0 0 0 0 0 113
112 0 0 0 0 0 12 81 81 81 81 81 81 81 81 81 81 81 110 110 110 81 81 81 81 81 81 81 81 81 81 81 81 13 0 0 0 0 0 113
112 0 0 0 0 0 14 82 82 82 82 82 82 82 82 82 82 82 110 110 110 82 82 82 82 82 82 82 82 82 82 82 82 15 0 0 0 0 0 113
112 0 0 0 0 0 0 0 0 0 0 0 0 0 0 0 0 0 79 110 80 0 0 0 0 0 0 0 0 0 0 0 0 0 0 0 0 0 0 113
112 0 0 0 0 0 0 0 0 0 0 0 0 0 0 0 0 0 79 110 80 0 0 0 0 0 0 0 0 0 0 0 0 0 0 0 0 0 0 113
112 0 0 0 0 0 0 0 0 0 0 0 0 0 0 0 0 0 79 110 80 0 0 0 0 0 0 0 0 0 0 0 0 0 0 0 0 0 0 113
112 0 0 0 0 0 0 0 0 0 0 0 0 0 0 0 0 0 79 110 80 0 0 0 0 0 0 0 0 0 0 0 0 0 0 0 0 0 0 113
112 0 0 0 0 0 0 0 0 0 0 0 0 0 0 0 0 0 79 110 80 0 0 0 0 0 0 0 0 0 0 0 0 0 0 0 0 0 0 113
112 0 0 0 0 0 0 0 12 81 81 81 81 81 81 81 81 81 110 110 110 81 81 81 81 81 81 81 81 81 13 0 0 0 0 0 0 0 0 113
112 0 0 0 0 0 0 0 79 110 110 110 110 110 110 110 110 110 110 110 110 110 110 110 110 110 110 110 110 110 80 0 0 0 0 0 0 0 0 113
112 0 0 0 0 0 0 0 79 110 110 82 82 82 82 82 82 82 82 82 82 82 82 82 82 82 82 82 110 110 80 0 0 0 0 0 0 0 0 113
112 0 0 0 0 0 0 0 79 110 80 0 0 0 0 0 0 0 0 0 0 0 0 0 0 0 0 0 79 110 80 0 0 0 0 0 0 0 0 113
112 0 0 0 0 0 0 0 79 110 80 0 0 0 0 0 0 0 0 0 0 0 0 0 0 0 0 0 79 110 80 0 0 0 0 0 0 0 0 113
112 0 0 0 0 0 0 0 79 110 80 36 36 36 36 36 36 36 36 36 36 36 36 36 36 36 36 36 79 110 80 0 0 0 0 0 0 0 0 113
112 0 0 0 0 0 0 0 79 110 80 37 37 37 37 37 37 37 37 37 37 37 37 37 37 37 37 37 79 110 80 0 0 0 0 0 0 0 0 113
112 0 0 0 0 0 0 0 79 110 80 32 32 32 32 32 32 32 32 32 32 32 32 32 32 32 32 32 79 110 80 0 0 0 0 0 0 0 0 113
112 0 0 0 0 0 0 0 79 110 80 33 33 33 33 33 33 33 33 33 33 33 33 33 33 33 33 33 79 110 80 0 0 0 0 0 0 0 0 113
112 0 0 0 0 0 0 0 79 110 110 81 81 81 81 81 81 81 81 81 81 81 81 81 81 81 81 81 110 110 80 0 0 0 0 0 0 0 0 113
112 0 0 0 0 0 0 0 79 110 110 110 110 110 110 110 110 110 110 110 110 110 110 110 110 110 110 110 110 110 80 0 0 0 0 0 0 0 0 113
112 0 0 0 0 0 0 0 14 82 82 82 82 82 82 82 82 82 82 82 82 82 82 82 82 82 82 82 82 82 15 0 0 0 0 0 0 0 0 113
112 0 0 0 0 0 0 0 0 0 0 0 0 0 0 0 0 0 0 0 0 0 0 0 0 0 0 0 0 0 0 0 0 0 0 0 0 0 0 113
112 0 0 0 0 0 0 0 0 0 0 0 0 0 0 0 0 0 0 0 0 0 0 0 0 0 0 0 0 0 0 0 0 0 0 0 0 0 0 113
112 0 0 0 0 0 0 0 0 0 0 0 0 0 0 0 0 0 0 0 0 0 0 0 0 0 0 0 0 0 0 0 0 0 0 0 0 0 0 113
112 0 0 0 0 0 0 0 0 0 0 0 0 0 0 0 0 0 0 0 0 0 0 0 0 0 0 0 0 0 0 0 0 0 0 0 0 0 0 113
112 0 0 0 0 0 0 0 0 0 0 0 0 0 0 0 0 0 0 0 0 0 0 0 0 0 0 0 0 0 0 0 0 0 0 0 0 0 0 113
112 0 0 0 0 0 0 0 0 0 0 0 0 0 0 0 0 0 0 0 0 0 0 0 0 0 0 0 0 0 0 0 0 0 0 0 0 0 0 113
112 0 0 0 0 0 0 0 0 0 0 0 0 0 0 0 0 0 0 0 0 0 0 0 0 0 0 0 0 0 0 0 0 0 0 0 0 0 0 113
112 0 0 0 0 0 0 0 0 0 0 0 0 0 0 0 0 0 0 0 0 0 0 0 0 0 0 0 0 0 0 0 0 0 0 0 0 0 0 113
114 114 114 114 114 114 114 114 114 114 114 114 114 114 114 114 114 114 114 114 114 114 114 114 114 114 114 114 114 114 114 114 114 114 114 114 114 114 114 114